10101101110000000000000010100000
00000001001010100100000000100000
10001101000111000000000000000000
00000000000010000100000001000010
00100001001111000000000000011100
00000000000010000100000010000000
10001101001010010000000000000000
00000001010011010100100000100100
00000001010011010100100000100101
00000001010011010100100000100111
00010001000010011111111111111011
00000001010011010100100000101010
10010101001111000000000000011100
00101001001111001111111111100100
10010001001010010000000000000000
10100101001010010000000000000001
10100101001010010000000000000001
10100001001010010000000000000001
00000001001010100100000000100010
00000010011010011110000000100011
